100
6
0 731 817 0 0 136
731 0 0 783 692 975
817 0 0 0 528 416
0 783 0 0 146 339
0 692 528 146 0 0
136 975 416 339 0 0
6
0 9 18 0 2 16
9 0 13 13 17 2
18 13 0 8 18 3
0 13 8 0 13 2
2 17 18 13 0 8
16 2 3 2 8 0
6
0 6 4 0 0 8
6 0 2 0 0 10
4 2 0 0 0 8
0 0 0 0 9 0
0 0 0 9 0 0
8 10 8 0 0 0
6
0 5 10 0 6 0
5 0 4 0 2 0
10 4 0 0 1 0
0 0 0 0 0 2
6 2 1 0 0 0
0 0 0 2 0 0
6
0 3 0 13 13 0
3 0 12 1 0 19
0 12 0 11 0 10
13 1 11 0 5 7
13 0 0 5 0 0
0 19 10 7 0 0
6
0 17 15 13 18 2
17 0 0 5 3 4
15 0 0 13 11 2
13 5 13 0 11 2
18 3 11 11 0 0
2 4 2 2 0 0
6
0 9 0 0 12 0
9 0 4 19 0 10
0 4 0 16 1 12
0 19 16 0 15 0
12 0 1 15 0 17
0 10 12 0 17 0
6
0 1 2 3 4 5
1 0 6 7 8 9
2 6 0 10 11 12
3 7 10 0 13 14
4 8 11 13 0 15
5 9 12 14 15 0
6
0 0 0 0 7 6
0 0 0 7 14 3
0 0 0 4 0 12
0 7 4 0 10 9
7 14 0 10 0 0
6 3 12 9 0 0
6
0 10 0 19 0 0
10 0 10 0 20 1
0 10 0 20 8 12
19 0 20 0 3 12
0 20 8 3 0 0
0 1 12 12 0 0
6
0 6 9 6 19 10
6 0 15 1 13 20
9 15 0 14 20 0
6 1 14 0 5 18
19 13 20 5 0 13
10 20 0 18 13 0
6
0 0 4 13 2 7
0 0 14 15 8 7
4 14 0 0 8 0
13 15 0 0 0 2
2 8 8 0 0 8
7 7 0 2 8 0
6
0 13 8 16 2 17
13 0 0 8 0 5
8 0 0 4 17 18
16 8 4 0 3 2
2 0 17 3 0 11
17 5 18 2 11 0
6
0 537 815 916 467 489
537 0 965 317 855 627
815 965 0 556 372 824
916 317 556 0 335 125
467 855 372 335 0 476
489 627 824 125 476 0
6
0 12 15 579 322 49
12 0 851 15 663 888
15 851 0 517 846 428
579 15 517 0 402 653
322 663 846 402 0 74
49 888 428 653 74 0
6
0 5 3 11 7 2
5 0 15 17 0 0
3 15 0 13 0 9
11 17 13 0 16 3
7 0 0 16 0 10
2 0 9 3 10 0
6
0 10 3 2 3 4
10 0 5 1 10 4
3 5 0 10 9 8
2 1 10 0 6 1
3 10 9 6 0 9
4 4 8 1 9 0
6
0 1 2 3 4 5
1 0 6 7 8 9
2 6 0 10 11 12
3 7 10 0 13 14
4 8 11 13 0 15
5 9 12 14 15 0
6
0 0 0 5 0 0
0 0 0 0 6 0
0 0 0 0 0 1
5 0 0 0 0 0
0 6 0 0 0 0
0 0 1 0 0 0
6
0 738 859 466 476 102
738 0 791 535 0 0
859 791 0 966 96 0
466 535 966 0 417 738
476 0 96 417 0 485
102 0 0 738 485 0
6
0 925 670 971 532 543
925 0 117 637 193 0
670 117 0 0 467 0
971 637 0 0 0 623
532 193 467 0 0 550
543 0 0 623 550 0
6
0 228 261 285 462 339
228 0 429 122 810 408
261 429 0 0 510 628
285 122 0 0 0 386
462 810 510 0 0 170
339 408 628 386 170 0
6
0 30 427 325 756 404
30 0 14 402 158 999
427 14 0 298 612 696
325 402 298 0 965 822
756 158 612 965 0 39
404 999 696 822 39 0
6
0 172 408 422 0 0
172 0 194 572 0 530
408 194 0 325 565 646
422 572 325 0 975 0
0 0 565 975 0 824
0 530 646 0 824 0
6
0 8 137 384 978 195
8 0 899 178 779 0
137 899 0 763 292 201
384 178 763 0 230 676
978 779 292 230 0 713
195 0 201 676 713 0
6
0 20 10 18 2 0
20 0 3 15 17 0
10 3 0 12 0 5
18 15 12 0 12 7
2 17 0 12 0 19
0 0 5 7 19 0
6
0 668 668 668 668 668
668 0 668 668 668 668
668 668 0 668 668 668
668 668 668 0 668 668
668 668 668 668 0 668
668 668 668 668 668 0
6
0 992 992 992 992 992
992 0 992 992 992 992
992 992 0 992 992 992
992 992 992 0 992 992
992 992 992 992 0 992
992 992 992 992 992 0
6
0 0 55 512 145 582
0 0 0 752 407 597
55 0 0 364 281 0
512 752 364 0 490 0
145 407 281 490 0 226
582 597 0 0 226 0
6
0 0 16 14 3 16
0 0 17 13 0 1
16 17 0 5 7 9
14 13 5 0 3 0
3 0 7 3 0 1
16 1 9 0 1 0
6
0 17 11 3 15 17
17 0 9 0 7 13
11 9 0 0 0 19
3 0 0 0 2 4
15 7 0 2 0 15
17 13 19 4 15 0
6
0 0 0 16 18 7
0 0 0 12 0 10
0 0 0 11 9 3
16 12 11 0 9 1
18 0 9 9 0 14
7 10 3 1 14 0
6
0 0 6 17 0 0
0 0 13 4 2 19
6 13 0 7 10 1
17 4 7 0 11 10
0 2 10 11 0 0
0 19 1 10 0 0
6
0 0 0 0 0 0
0 0 0 0 0 0
0 0 0 0 0 0
0 0 0 0 0 0
0 0 0 0 0 0
0 0 0 0 0 0
6
0 0 1 12 0 20
0 0 0 10 0 14
1 0 0 0 18 0
12 10 0 0 0 7
0 0 18 0 0 0
20 14 0 7 0 0
6
0 7 12 1 5 14
7 0 7 7 3 5
12 7 0 7 11 6
1 7 7 0 17 17
5 3 11 17 0 15
14 5 6 17 15 0
6
0 1 2 3 4 5
1 0 6 7 8 9
2 6 0 10 11 12
3 7 10 0 13 14
4 8 11 13 0 15
5 9 12 14 15 0
6
0 13 18 12 4 0
13 0 18 4 0 8
18 18 0 0 10 16
12 4 0 0 7 19
4 0 10 7 0 3
0 8 16 19 3 0
6
0 62 682 0 719 386
62 0 42 492 425 0
682 42 0 614 73 673
0 492 614 0 454 874
719 425 73 454 0 0
386 0 673 874 0 0
6
0 17 10 0 1 20
17 0 19 4 20 9
10 19 0 0 10 14
0 4 0 0 0 0
1 20 10 0 0 8
20 9 14 0 8 0
6
0 16 874 654 783 78
16 0 235 737 162 317
874 235 0 315 445 389
654 737 315 0 986 444
783 162 445 986 0 114
78 317 389 444 114 0
6
0 15 0 7 11 4
15 0 14 8 8 11
0 14 0 0 12 6
7 8 0 0 20 6
11 8 12 20 0 18
4 11 6 6 18 0
6
0 0 6 16 6 15
0 0 7 19 15 18
6 7 0 8 0 1
16 19 8 0 14 16
6 15 0 14 0 3
15 18 1 16 3 0
6
0 764 682 500 440 437
764 0 256 453 191 765
682 256 0 452 488 377
500 453 452 0 499 452
440 191 488 499 0 550
437 765 377 452 550 0
6
0 333 343 0 859 377
333 0 0 714 915 456
343 0 0 891 0 332
0 714 891 0 777 0
859 915 0 777 0 213
377 456 332 0 213 0
6
0 0 4 5 0 0
0 0 0 0 0 7
4 0 0 9 0 0
5 0 9 0 0 0
0 0 0 0 0 0
0 7 0 0 0 0
6
0 0 780 290 0 542
0 0 301 222 0 0
780 301 0 0 514 0
290 222 0 0 404 945
0 0 514 404 0 565
542 0 0 945 565 0
6
0 1 2 3 4 5
1 0 6 7 8 9
2 6 0 10 11 12
3 7 10 0 13 14
4 8 11 13 0 15
5 9 12 14 15 0
6
0 4 8 9 14 0
4 0 2 10 16 1
8 2 0 16 2 9
9 10 16 0 3 10
14 16 2 3 0 20
0 1 9 10 20 0
6
0 841 541 311 35 921
841 0 342 262 685 151
541 342 0 184 189 885
311 262 184 0 455 295
35 685 189 455 0 11
921 151 885 295 11 0
6
0 5 0 11 0 0
5 0 19 14 0 0
0 19 0 8 5 0
11 14 8 0 6 12
0 0 5 6 0 0
0 0 0 12 0 0
6
0 9 19 13 13 2
9 0 18 1 13 0
19 18 0 11 0 14
13 1 11 0 16 11
13 13 0 16 0 8
2 0 14 11 8 0
6
0 0 19 6 2 5
0 0 16 3 0 16
19 16 0 12 11 2
6 3 12 0 6 8
2 0 11 6 0 16
5 16 2 8 16 0
6
0 0 16 5 18 2
0 0 11 19 15 15
16 11 0 0 0 0
5 19 0 0 2 7
18 15 0 2 0 15
2 15 0 7 15 0
6
0 0 14 6 12 0
0 0 16 17 2 12
14 16 0 17 6 4
6 17 17 0 0 20
12 2 6 0 0 20
0 12 4 20 20 0
6
0 11 0 3 17 2
11 0 13 0 0 15
0 13 0 18 5 2
3 0 18 0 12 0
17 0 5 12 0 13
2 15 2 0 13 0
6
0 787 866 189 627 591
787 0 0 618 0 807
866 0 0 608 540 0
189 618 608 0 422 314
627 0 540 422 0 547
591 807 0 314 547 0
6
0 13 0 2 0 17
13 0 8 0 15 2
0 8 0 0 16 4
2 0 0 0 11 0
0 15 16 11 0 0
17 2 4 0 0 0
6
0 0 15 0 15 0
0 0 0 0 0 16
15 0 0 0 0 0
0 0 0 0 13 11
15 0 0 13 0 11
0 16 0 11 11 0
6
0 18 2 12 0 8
18 0 18 5 0 5
2 18 0 5 18 8
12 5 5 0 20 8
0 0 18 20 0 2
8 5 8 8 2 0
6
0 0 7 11 0 0
0 0 11 0 6 1
7 11 0 9 0 4
11 0 9 0 16 14
0 6 0 16 0 3
0 1 4 14 3 0
6
0 2 0 7 8 0
2 0 15 0 17 5
0 15 0 0 4 2
7 0 0 0 11 0
8 17 4 11 0 1
0 5 2 0 1 0
6
0 0 0 2 0 0
0 0 0 0 0 1
0 0 0 0 6 0
2 0 0 0 0 0
0 0 6 0 0 0
0 1 0 0 0 0
6
0 16 18 3 17 1
16 0 15 3 17 6
18 15 0 8 0 1
3 3 8 0 12 6
17 17 0 12 0 0
1 6 1 6 0 0
6
0 10 0 15 3 18
10 0 6 19 19 1
0 6 0 8 13 11
15 19 8 0 20 16
3 19 13 20 0 0
18 1 11 16 0 0
6
0 371 424 0 103 0
371 0 0 587 271 640
424 0 0 998 0 0
0 587 998 0 790 371
103 271 0 790 0 339
0 640 0 371 339 0
6
0 13 9 7 0 18
13 0 15 0 0 12
9 15 0 15 0 7
7 0 15 0 0 3
0 0 0 0 0 0
18 12 7 3 0 0
6
0 0 0 17 12 10
0 0 0 8 16 7
0 0 0 20 7 10
17 8 20 0 0 7
12 16 7 0 0 7
10 7 10 7 7 0
6
0 0 0 3 0 0
0 0 9 0 6 3
0 9 0 0 9 10
3 0 0 0 0 0
0 6 9 0 0 8
0 3 10 0 8 0
6
0 0 0 4 0 0
0 0 0 0 10 0
0 0 0 0 0 8
4 0 0 0 0 0
0 10 0 0 0 0
0 0 8 0 0 0
6
0 47 47 47 47 47
47 0 47 47 47 47
47 47 0 47 47 47
47 47 47 0 47 47
47 47 47 47 0 47
47 47 47 47 47 0
6
0 10 8 8 9 6
10 0 5 1 6 10
8 5 0 4 3 8
8 1 4 0 2 7
9 6 3 2 0 9
6 10 8 7 9 0
6
0 19 0 16 4 2
19 0 0 10 16 9
0 0 0 16 17 7
16 10 16 0 5 6
4 16 17 5 0 0
2 9 7 6 0 0
6
0 0 0 9 0 0
0 0 18 13 0 4
0 18 0 14 14 13
9 13 14 0 0 19
0 0 14 0 0 19
0 4 13 19 19 0
6
0 0 0 1 9 0
0 0 0 0 0 10
0 0 0 0 0 0
1 0 0 0 3 0
9 0 0 3 0 0
0 10 0 0 0 0
6
0 0 485 0 0 83
0 0 0 0 243 0
485 0 0 0 531 152
0 0 0 0 0 753
0 243 531 0 0 188
83 0 152 753 188 0
6
0 0 0 0 0 0
0 0 0 0 0 0
0 0 0 0 0 0
0 0 0 0 0 0
0 0 0 0 0 0
0 0 0 0 0 0
6
0 617 798 0 221 728
617 0 78 799 952 385
798 78 0 0 86 619
0 799 0 0 336 0
221 952 86 336 0 0
728 385 619 0 0 0
6
0 0 14 5 20 0
0 0 17 11 13 12
14 17 0 16 0 0
5 11 16 0 16 3
20 13 0 16 0 15
0 12 0 3 15 0
6
0 6 0 0 0 0
6 0 0 0 0 0
0 0 0 8 8 9
0 0 8 0 1 8
0 0 8 1 0 7
0 0 9 8 7 0
6
0 16 0 10 7 4
16 0 0 16 12 0
0 0 0 18 16 13
10 16 18 0 8 6
7 12 16 8 0 14
4 0 13 6 14 0
6
0 7 3 0 14 17
7 0 18 0 0 15
3 18 0 4 20 0
0 0 4 0 10 7
14 0 20 10 0 3
17 15 0 7 3 0
6
0 0 336 360 547 0
0 0 0 181 990 163
336 0 0 176 990 967
360 181 176 0 861 418
547 990 990 861 0 0
0 163 967 418 0 0
6
0 5 6 7 10 7
5 0 10 5 3 8
6 10 0 3 4 7
7 5 3 0 2 2
10 3 4 2 0 2
7 8 7 2 2 0
6
0 10 0 4 7 0
10 0 15 8 0 8
0 15 0 0 13 0
4 8 0 0 3 0
7 0 13 3 0 20
0 8 0 0 20 0
6
0 593 0 0 214 0
593 0 757 617 0 483
0 757 0 407 944 283
0 617 407 0 441 872
214 0 944 441 0 311
0 483 283 872 311 0
6
0 1 2 3 4 5
1 0 6 7 8 9
2 6 0 10 11 12
3 7 10 0 13 14
4 8 11 13 0 15
5 9 12 14 15 0
6
0 3 6 1 20 1
3 0 18 4 17 0
6 18 0 10 0 12
1 4 10 0 0 9
20 17 0 0 0 0
1 0 12 9 0 0
6
0 7 16 12 4 1
7 0 13 5 18 10
16 13 0 15 16 0
12 5 15 0 0 7
4 18 16 0 0 16
1 10 0 7 16 0
6
0 0 16 3 19 13
0 0 0 16 10 17
16 0 0 0 10 14
3 16 0 0 5 13
19 10 10 5 0 0
13 17 14 13 0 0
6
0 9 2 11 9 0
9 0 11 8 0 0
2 11 0 5 2 3
11 8 5 0 20 2
9 0 2 20 0 17
0 0 3 2 17 0
6
0 0 665 762 166 0
0 0 102 300 493 585
665 102 0 539 884 886
762 300 539 0 850 0
166 493 884 850 0 217
0 585 886 0 217 0
6
0 697 697 697 697 697
697 0 697 697 697 697
697 697 0 697 697 697
697 697 697 0 697 697
697 697 697 697 0 697
697 697 697 697 697 0
6
0 991 306 664 0 152
991 0 929 524 799 206
306 929 0 637 0 250
664 524 637 0 291 647
0 799 0 291 0 0
152 206 250 647 0 0
6
0 211 211 211 211 211
211 0 211 211 211 211
211 211 0 211 211 211
211 211 211 0 211 211
211 211 211 211 0 211
211 211 211 211 211 0
6
0 8 19 0 9 6
8 0 10 13 14 6
19 10 0 0 10 0
0 13 0 0 2 0
9 14 10 2 0 6
6 6 0 0 6 0
6
0 9 4 6 4 9
9 0 8 5 4 8
4 8 0 5 3 5
6 5 5 0 6 2
4 4 3 6 0 7
9 8 5 2 7 0
6
0 0 319 0 34 358
0 0 617 790 8 16
319 617 0 425 144 15
0 790 425 0 259 914
34 8 144 259 0 864
358 16 15 914 864 0
6
0 1 19 3 20 0
1 0 6 0 0 0
19 6 0 2 15 10
3 0 2 0 0 16
20 0 15 0 0 3
0 0 10 16 3 0
6
0 17 6 8 10 0
17 0 11 11 7 19
6 11 0 4 17 11
8 11 4 0 8 14
10 7 17 8 0 15
0 19 11 14 15 0
